5.473879788116290390e-01
9.319724065709587002e-01
3.613444401878484480e-01
2.867791378685077830e-01
-8.837053341445056942e-01
2.372259414516601772e-02
-3.845579348934693442e-01
-1.943688742648318202e-01
4.549728451942039453e-02
4.504692399924598023e-01
8.549411734656926498e-01
8.595843322402696440e-01
3.796265393829534318e-01
5.657136156416624484e-01
-6.384052788097726028e-01
7.646837223360816171e-01
2.119652228231068414e-01
-5.754755296022815436e-01
7.571116332568526008e-01
-2.896277882175680163e-01
5.067441845849525173e-01
4.778292124183669554e-01
9.488733418203256775e-01
6.476761298920906684e-01
9.460479550732799892e-01
-8.455989821311196142e-01
4.761931353303182068e-01
4.858181883974734827e-01
-2.085044734155216961e-01
7.150152890604941636e-01
-8.685584213837023171e-01
-6.831045686179043619e-01
-5.403457795748151105e-01
-1.000000000000000000e+00
6.213480278102139209e-01
-1.899235030641467370e-01
-2.932033064091517094e-01
7.300623103308566675e-01
5.728826759831598947e-01
-4.291992605472075839e-01
1.964710274837911941e-01
-8.717003801523796058e-01
-1.088635630256858944e-01
1.000000000000000000e+00
2.924721826627554311e-01
-6.965830724082621161e-01
-2.496477936772765749e-01
3.078817108111648326e-01
7.918364822390044910e-01
4.757515689391764724e-01
9.289452503293890717e-02
-2.931872406324260716e-01
2.968323913823034399e-01
-8.579546754840319256e-01
2.105337560109259432e-01
-7.256235147274043840e-01
-4.872463848981325452e-01
-4.530484383145500504e-01
5.550296667401743989e-01
-2.484708154881820619e-01
-7.124114872936155862e-01
1.837555671589200246e-01
-7.103491364101975902e-01
8.089120451511605525e-01
8.408480775974100374e-03
-4.743852668257667604e-01
2.782686827523176420e-01
-7.138041097868079721e-01
-2.480365601941960096e-01
7.723559482595099279e-02
-9.094439347742044877e-01
-7.819663717346714282e-01
6.674481050089283718e-01
8.645815502446912992e-01
-6.406972029796683676e-01
7.885881044877224300e-01
4.610076161669991457e-01
-2.468072439930878992e-01
-6.901752065362986022e-01
-1.164460431721590083e-01
-1.000000000000000000e+00
2.250560080000516272e-01
1.539560855821992535e-01
4.417822878406325593e-01
4.717409739722812079e-01
1.595725203736259035e-01
8.749357175708585288e-01
9.662378577866684859e-01
-4.121614700801504161e-02
-2.513270404076815012e-01
6.386316559733643539e-01
3.129809706651288659e-01
7.678322557205458088e-01
3.246719621959442970e-02
-2.316373529934770414e-01
-5.453314607600466823e-01
3.709472281145475003e-01
3.533192056614501420e-01
2.772225444987957421e-01
1.157135023616663594e-01
-7.087802294873416509e-01
-6.316864053120522238e-01
-2.419409737502888624e-01
4.722704305637175359e-01
3.019731295333387688e-01
9.773845147604233174e-01
-4.371352670032588872e-01
-4.706360416537126445e-01
-7.371699444856880667e-01
-4.171910773984902066e-01
-6.542048563203604061e-01
-5.558503193657204910e-01
-4.989649214713481884e-01
5.846364946356672476e-01
8.542134839648826139e-01
1.651286186973889292e-01
-4.195148385755828047e-01
-5.937099718483083155e-01
9.637068404039952352e-01
8.892414669628057045e-02
-5.768132002745378351e-02
9.665284709625976411e-01
3.528813853587359217e-01
1.470002604458707784e-01
-8.384078092044350283e-01
-5.058467057031035274e-01
9.197418702128650203e-01
1.000000000000000000e+00
-5.184228661402927596e-01
-2.658071021245873022e-01
-3.267766988821807495e-02
-1.561440486374062186e-01
-1.457101398331872300e-01
-9.015193954064810722e-01
7.569456708632472663e-01
-6.058229845292907312e-01
-1.000000000000000000e+00
-9.129580814990241322e-01
2.636905760891936068e-02
8.588972790840636584e-01
-5.042119080386078811e-02
-8.372804593755600600e-01
5.754986016193641696e-01
8.631658012943290714e-01
6.946084842908317736e-01
7.365553683666236084e-01
6.780137228299066843e-01
-8.149178500886106180e-01
1.113442769793801801e-01
-3.994190400350611236e-01
3.092987760912047079e-02
6.721947085292445667e-01
-2.788821800395510087e-01
1.000000000000000000e+00
-1.228292915459204271e-01
-9.974943943979038830e-01
-2.255839472968523551e-01
-6.811594590952448069e-02
-6.963374082349519378e-01
1.507343065975103868e-01
4.487599656716527718e-01
5.634249895175805767e-01
-4.934057089775286675e-01
1.770346628255550225e-01
-2.095237246426109035e-01
7.183782963064972993e-01
-7.663299879097549283e-01
-1.000000000000000000e+00
-7.564857871047453441e-01
-2.261689962289565314e-01
-5.517061812028024592e-01
-5.933714481618528325e-01
-7.875447045191852347e-01
-4.774583995215507248e-01
4.186276200324270391e-01
-4.443302268897905694e-01
-1.000000000000000000e+00
2.123937889502431897e-01
-1.653702920373844587e-01
2.165762000369240992e-01
-8.317688692077150892e-01
7.768558430387972891e-01
6.224993020082340012e-01
-3.790379620896621726e-01
7.182042202521057295e-01
-1.486929811150141667e-01
6.165095489420940877e-01
6.884311693933033993e-01
3.928605214792016964e-01
-5.547647710845914348e-01
-5.301264001277302684e-01
4.979224302525279144e-01
3.598889813779657110e-01
5.918217290835106059e-01
6.397925691343362420e-01
8.909845907072909688e-01
8.749873737008786456e-01
5.558874789682201056e-01
5.184823717679372113e-01
-2.447200542170845095e-01
2.755236028539356785e-01
-7.370005457962129913e-01
7.715314493593543599e-01
-6.985370668726704757e-01
-5.153618214769021266e-01
-7.742722045064751590e-01
9.822689633416943344e-01
-6.657402060495012375e-01
8.083971815434595198e-01
-8.113614976562099068e-01
5.513854180410493466e-02
-3.893149151945596298e-01
-8.966372479722528599e-01
4.119649328615964112e-01
9.051791508358204563e-01
-4.139592798233213133e-01
3.471641952269892695e-01
-9.002760585670068760e-01
7.137498841395500948e-01
-3.575172042008206708e-02
-1.000000000000000000e+00
-2.820282846184440362e-01
1.040083028572861557e-01
-8.028888921947312518e-01
4.472691420999830303e-02
-6.176247753149952668e-01
1.000000000000000000e+00
-3.223151125927947724e-02
1.000000000000000000e+00
-2.797478014797076806e-01
7.929123887087934364e-01
2.465379140245743672e-01
4.344507738979458411e-01
-7.368254016649988802e-01
3.141037781636882853e-01
1.051026587401366619e-01
2.986696375082443233e-01
3.130360633059157127e-01
5.827070519292827377e-01
4.733947822274636730e-01
8.994866174619960963e-01
2.447810622179912576e-01
-4.145336654498711915e-01
-7.500178005705085971e-01
-9.248083257111039401e-02
-8.295321363558166849e-01
-4.223378241138958655e-01
4.812440473854247003e-01
8.072317235824749693e-01
-7.589410351797268861e-01
-8.053704105022182480e-01
-3.364350624448610994e-01
-2.309322630380356289e-01
-7.517518642978787691e-02
-8.752051064566662708e-01
-7.424306754905737882e-02
-3.581455443471943112e-01
1.319051377810705195e-02
7.058054099599609943e-01
5.079126244617208907e-02
9.632854936381712863e-01
-2.233251862715998626e-01
1.341448566413790955e-01
6.324470600387932517e-02
-2.884276788334612651e-01
