0.547387978811629
0.9319724065709587
0.36134444018784845
0.2867791378685078
-0.8837053341445057
0.023722594145166018
-0.38455793489346934
-0.19436887426483182
0.045497284519420395
0.4504692399924598
0.8549411734656926
0.8595843322402696
0.37962653938295343
0.5657136156416624
-0.6384052788097726
0.7646837223360816
0.21196522282310684
-0.5754755296022815
0.7571116332568526
-0.289627788217568
0.5067441845849525
0.47782921241836696
0.9488733418203257
0.6476761298920907
0.94604795507328
-0.8455989821311196
0.4761931353303182
0.4858181883974735
-0.2085044734155217
0.7150152890604942
-0.8685584213837023
-0.6831045686179044
-0.5403457795748151
-1.0
0.6213480278102139
-0.18992350306414674
-0.2932033064091517
0.7300623103308567
0.5728826759831599
-0.4291992605472076
0.1964710274837912
-0.8717003801523796
-0.1088635630256859
1.0
0.29247218266275543
-0.6965830724082621
-0.24964779367727657
0.30788171081116483
0.7918364822390045
0.4757515689391765
0.09289452503293891
-0.29318724063242607
0.29683239138230344
-0.8579546754840319
0.21053375601092594
-0.7256235147274044
-0.48724638489813255
-0.45304843831455005
0.5550296667401744
-0.24847081548818206
-0.7124114872936156
0.18375556715892002
-0.7103491364101976
0.8089120451511606
0.0084084807759741
-0.47438526682576676
0.27826868275231764
-0.713804109786808
-0.248036560194196
0.07723559482595099
-0.9094439347742045
-0.7819663717346714
0.6674481050089284
0.8645815502446913
-0.6406972029796684
0.7885881044877224
0.46100761616699915
-0.2468072439930879
-0.6901752065362986
-0.11644604317215901
-1.0
0.22505600800005163
0.15395608558219925
0.44178228784063256
0.4717409739722812
0.1595725203736259
0.8749357175708585
0.9662378577866685
-0.04121614700801504
-0.2513270404076815
0.6386316559733644
0.31298097066512887
0.7678322557205458
0.03246719621959443
-0.23163735299347704
-0.5453314607600467
0.3709472281145475
0.35331920566145014
0.27722254449879574
0.11571350236166636
-0.7087802294873417
-0.6316864053120522
-0.24194097375028886
0.47227043056371754
0.30197312953333877
0.9773845147604233
-0.4371352670032589
-0.47063604165371264
-0.7371699444856881
-0.4171910773984902
-0.6542048563203604
-0.5558503193657205
-0.4989649214713482
0.5846364946356672
0.8542134839648826
0.16512861869738893
-0.4195148385755828
-0.5937099718483083
0.9637068404039952
0.08892414669628057
-0.057681320027453784
0.9665284709625976
0.3528813853587359
0.14700026044587078
-0.838407809204435
-0.5058467057031035
0.919741870212865
1.0
-0.5184228661402928
-0.2658071021245873
-0.032677669888218075
-0.15614404863740622
-0.14571013983318723
-0.9015193954064811
0.7569456708632473
-0.6058229845292907
-1.0
-0.9129580814990241
0.02636905760891936
0.8588972790840637
-0.05042119080386079
-0.8372804593755601
0.5754986016193642
0.8631658012943291
0.6946084842908318
0.7365553683666236
0.6780137228299067
-0.8149178500886106
0.11134427697938018
-0.3994190400350611
0.03092987760912047
0.6721947085292446
-0.278882180039551
1.0
-0.12282929154592043
-0.9974943943979039
-0.22558394729685236
-0.06811594590952448
-0.6963374082349519
0.1507343065975104
0.44875996567165277
0.5634249895175806
-0.49340570897752867
0.17703466282555502
-0.2095237246426109
0.7183782963064973
-0.7663299879097549
-1.0
-0.7564857871047453
-0.22616899622895653
-0.5517061812028025
-0.5933714481618528
-0.7875447045191852
-0.4774583995215507
0.41862762003242704
-0.44433022688979057
-1.0
0.2123937889502432
-0.16537029203738446
0.2165762000369241
-0.8317688692077151
0.7768558430387973
0.622499302008234
-0.3790379620896622
0.7182042202521057
-0.14869298111501417
0.6165095489420941
0.6884311693933034
0.3928605214792017
-0.5547647710845914
-0.5301264001277303
0.4979224302525279
0.3598889813779657
0.5918217290835106
0.6397925691343362
0.890984590707291
0.8749873737008786
0.5558874789682201
0.5184823717679372
-0.2447200542170845
0.2755236028539357
-0.737000545796213
0.7715314493593544
-0.6985370668726705
-0.5153618214769021
-0.7742722045064752
0.9822689633416943
-0.6657402060495012
0.8083971815434595
-0.8113614976562099
0.055138541804104935
-0.38931491519455963
-0.8966372479722529
0.4119649328615964
0.9051791508358205
-0.4139592798233213
0.34716419522698927
-0.9002760585670069
0.7137498841395501
-0.03575172042008207
-1.0
-0.28202828461844404
0.10400830285728616
-0.8028888921947313
0.0447269142099983
-0.6176247753149953
1.0
-0.03223151125927948
1.0
-0.2797478014797077
0.7929123887087934
0.24653791402457437
0.43445077389794584
-0.7368254016649989
0.3141037781636883
0.10510265874013666
0.2986696375082443
0.3130360633059157
0.5827070519292827
0.4733947822274637
0.8994866174619961
0.24478106221799126
-0.4145336654498712
-0.7500178005705086
-0.0924808325711104
-0.8295321363558167
-0.42233782411389587
0.4812440473854247
0.807231723582475
-0.7589410351797269
-0.8053704105022182
-0.3364350624448611
-0.23093226303803563
-0.07517518642978788
-0.8752051064566663
-0.07424306754905738
-0.3581455443471943
0.013190513778107052
0.705805409959961
0.05079126244617209
0.9632854936381713
-0.22332518627159986
0.1341448566413791
0.06324470600387933
-0.28842767883346127
