-0.21704553393966852
0.680702452076618
0.0350875154047437
-0.21118211405050108
-0.967916638941826
-0.4325839812578079
0.3512004867785051
-0.7535052637685506
-0.2179846915411268
0.370216455019988
0.7543515936533821
-0.1367321458397158
0.35517265136468396
-0.8206980610543957
-0.7886824940655418
-0.6860921920470565
0.9248032787940643
-0.8453823405071526
0.4212263458956443
-0.42648785613339135
-0.3866688578421253
-0.40745278623132763
0.5146882167866386
0.7778821126423712
-0.053958411174887824
-0.7126493168895893
0.47451923758842096
0.4203182508120007
-0.21702732284872336
0.4244869470775553
-0.47522536361008905
0.6307108312818999
-0.26309107789438735
0.14509957631728415
-0.6229809091771387
-0.3445331042954223
0.7077526965586401
-1.0
0.061826176078119084
0.4032962733215835
-0.5297422270735549
-0.8005971645245741
0.25474632120130314
0.1867216309702558
-0.5526940359383439
0.23561351700357244
-0.2988219507908346
0.377509646763316
-0.6439154722080782
-0.4337771097517173
-0.3627820493620393
-0.7639469079490705
-0.12103883159693922
0.0925437241709501
-0.601202325463076
-0.06485621810996298
0.0634367612429301
0.8783854518907428
-0.16850269466940818
0.41691610688816094
-0.11965163934928554
0.12725872964999374
-0.5579860044108258
-0.8319127404187513
0.30807310969924323
-0.6958480285486525
0.8954247381655857
-0.034608443186773946
-0.8489538774149387
-0.3912802268596276
-0.05574906288549484
0.4407977564146939
-0.8986342226569937
0.634549298882364
0.7179409712632034
0.2549845940615191
0.6998921015292865
0.8584210395481258
0.7502361925896879
0.621641853276199
0.7718156924813064
-0.8953125319064743
-0.9430703394618236
-0.4445728717181337
-0.5532871787728458
0.3689942507232068
-0.802704809385203
-0.8985531451331282
-0.1865774800581786
-0.572636275059357
0.5530644432754144
0.4223345448599874
0.2651076821713102
0.49599673626433893
-0.5158143386709073
0.7263586715929149
0.8962361152446081
-0.3380471086977207
0.7084236892304829
0.6802585073372595
-0.4152291926229189
0.6595143896242611
0.5191017886687556
0.13622390181465677
-0.4256531737777729
0.4316011556603756
0.5665759769344113
0.7805710236315908
0.007959061831303169
-0.9156683055585961
0.509541527560977
-0.15697904388068123
0.07476948770050779
0.09620363219790418
0.6537029401162414
-0.8192929901905291
0.7603918235173489
0.3287713910781311
-0.5736618648039349
0.8455819548142894
0.1840733172981582
0.483875915415555
-0.3334230002324825
-0.19881252956275594
0.6898243575456403
0.7160118022178016
0.44645112670517295
0.1340584752922449
0.60042030940101
0.24425009440601428
0.3353631167623521
-0.8990789030806798
0.07364757985797679
-0.8511762397763528
-0.38347487937694563
-0.19507213796724163
0.1877705391353865
-0.6765084613021627
-0.9340886856428121
0.4258220692602961
-0.13149766752285488
-0.005212542236614923
-0.49449855869732173
0.5405781387438497
-0.44089652935956314
-0.5120199761530502
-0.16502511252443125
-0.2833942775746509
-0.5291848427625379
0.23007790475469106
0.6536119146934455
0.8446346043931952
0.24006883932455408
0.5928322620307543
0.8578790346655369
-0.8326272003828066
-1.0
-0.49779956978144285
-0.9579837978230367
-0.658368314309496
-0.2742602240432263
0.08446088688323114
-0.7622084595186405
0.6372625894456002
-0.5756998734961162
-0.48230620825089743
0.6785169771008108
-0.4310712097219534
-0.8341740698214191
-0.7851250734276051
0.4079956666632685
-0.6693729838944315
1.0
-0.7264099816512183
0.496546823597769
0.9250261079111861
0.7329315097197413
0.39140311352053136
-0.7247688992556702
0.2216324696871012
0.9175193182338309
-0.8224860038713903
0.8243685761418051
0.5523320132739047
0.630596304277112
-0.01845689482648727
0.6994349310842135
0.9858744246578495
-0.3074948766774155
0.09913340871525209
0.10792342912960351
0.843418749949124
-0.27985500934579904
0.3329848889674769
0.4018294423235279
-0.7192118857252997
-0.4332881741604607
0.5272971266820106
-0.28221347305671163
-0.43437939673897874
-0.29240253770775404
-0.40049186612697957
0.31935104075019943
-0.1318171769240743
0.6614696650989409
0.36642668334190215
0.6675852229049605
0.8364382879264155
0.44483562354230877
0.03292473247118227
0.037631390695343436
0.6531400993839173
-0.25193980690890927
-1.0
0.06900006742528157
-0.4642611930040117
0.9606989959428529
-0.19787476198920476
1.0
0.5506650298112379
0.8516551507642504
-0.13279980573243028
0.08671376720463209
0.8500258174577201
-0.8070955836068718
0.9458492396132078
0.25161018039879324
-0.24723079826924904
-0.9526765361090315
-0.21781253108125564
-0.6052456327835045
-0.5125255436198319
0.9270788827817118
0.5767823324744901
0.6600184695912148
-0.386210069272341
0.21473606841793197
-0.1460427737424423
-0.9372180347869512
0.924329288182224
0.5377271657297201
-0.9817248895958031
0.8438803810509758
0.14046066608859567
-0.5828846767652451
-0.6357077830984116
0.5720245510907164
0.24746278171563868
0.600765135365808
0.9440843922171493
-0.8494270776572556
0.8061459164776108
0.1088894599631279
0.8705525310596581
0.822620879800998
-0.36936414709991683
-0.3133931102899008
0.3141316928227198
-0.5671760270432563
0.37574613141493995
0.3355561664516967
-0.6352428769324212
0.3708419225636949
0.016123085135370363
0.5206463598610607
