0.3759934336642907
0.6628431664677279
-0.22981536317729262
-0.6818252072377933
0.3994053885827898
-0.675663918960684
-0.2530196203855024
-0.777974433183018
-0.21395335920316166
0.6080481820637358
-0.7488982974993641
0.4382353692547943
0.015120822132199292
0.3511626360075291
-0.09712769875834637
-0.07085960950194006
0.7294884864886271
-0.21168865257047842
-0.3001154876340013
-1.0
-0.17990077236471075
0.021561919969229446
0.5720157660803735
-0.4032778983710855
0.42589322691462655
-0.15615930852408144
0.44556969024510695
-0.7260011063124411
-0.3092176650151509
-0.07191483739987013
-0.3784918026015771
-0.01820268441609993
0.568490191036314
-0.16821501378655662
-0.3894375223288872
-0.21581667875600535
-0.35215739415331326
0.344793473495746
0.49878143962198374
-0.2740514961209999
-0.73883831373456
0.15805987650125128
0.6059528914641106
-0.33473142331777206
0.7367497263633491
-0.8306201519595746
-0.27490824041606543
-0.6106521294111883
0.13605563858211564
-0.37139436837031115
0.3150536882058574
0.2964591888585022
-0.4550421135648547
-0.0821235186271215
-0.08158198651871132
-0.06350910534314795
0.01793495910500837
-0.09167895924465622
0.4496394062986214
-0.3190611500458974
0.24715764658289646
0.31956465656020583
-0.03108177547487996
-0.14843883815160777
0.33874829622045594
0.15034848570784834
0.10073904529285838
0.3345879278344328
0.2815799695968684
0.005582809469672996
0.33094777005633236
0.5136238357985493
-0.46311791638678484
0.12045788076225529
-0.40810836249565474
-0.7935479108363401
-0.1580037564323338
0.3014138015545771
-0.07017318643037299
-0.018017349884145592
0.14652110393687415
0.24249793035477915
-0.26111177387900897
-0.3933206260148192
0.40138584092880186
0.15345538727760472
0.548737862253381
0.3442226593303295
0.48475491242509106
0.7077107560672228
0.08372869970067684
-0.8876409649163443
-0.13065077741863623
0.4288838415351102
0.45905824788880845
-0.5464197199449254
0.1734710513376066
-0.3144084672171428
0.47027664995946233
-0.022701103284895274
0.1118282818757731
0.37405774600486186
-0.022206939883870923
-0.19989630968349237
0.5232185834504205
0.2726670909713751
0.05558997873093805
-0.6898041416576568
0.6585090068947731
0.29271673231023815
-0.2305938686839446
0.4227668650586439
-0.051730330598197566
-0.14276991695794974
-0.6177894240179657
0.2568182095187793
-0.09286612572415506
-0.14109676112207953
0.2213788792766584
-0.526255024121635
0.46684103619981226
0.34864693703399385
0.039075442813339356
-0.3632330013037531
0.8548591203082735
-0.006948728898829276
0.050958853208417046
-0.3714139510824219
-0.7617790982820707
-0.04186447537738727
-0.19056332128162715
0.19855886717911006
-0.24349415008078723
0.4218898077431693
0.5542965934932859
-0.5439567773621359
0.028393796111383533
-0.6137968954373506
0.356595483937451
0.7968487556782166
-0.641945860571572
0.17423239691518175
-0.14029652379292945
-0.5501886275336217
-0.11381781081288206
0.04857707044598808
-0.9248887084134306
0.17138063531428008
-0.2989871269060663
0.09138359232502301
0.9331378644083692
0.2113284209467977
0.6747011002325035
-0.7779048672644838
-0.012683440546654975
0.2557013143718532
0.2122720280018568
-0.3349869200769058
-0.03507211556279854
-0.3970603344537198
-0.044137859421480394
-0.7691828389140898
0.5710080651635703
0.6508396845469839
0.3384623876914181
-0.25859090655586536
-0.08137228359623701
0.5576220158820948
0.8354792092444023
-0.3128042195930027
0.6077318097607856
-0.03189099764801812
-0.5902570466324809
-0.43904546459921545
0.3303609849711411
-0.557860670361588
-0.11137056767189099
0.2845685841230643
0.07913079048548402
-0.2271564081859457
0.8079276345576368
0.403973645133436
-0.04512869444717967
0.19239182599925206
-0.43047044971101317
0.543055929180268
-0.09852449652873377
0.040458563975310946
-0.7445475297612668
0.27795752548677105
0.1246055973808764
0.5245350022531691
0.4506436012168159
0.9630548433505122
-0.17663446324129004
0.07974547980817345
0.19440749171533123
-0.20598667703150092
0.08072060961199859
-0.1990018433876107
0.7656388021977663
-0.3902040640988138
0.3036217707097019
-0.1292129339036192
0.060539962934410926
0.4891046801885176
0.09436232065279393
-0.6558261536137957
-0.8424049870015865
0.8167437758453211
0.3935529991624892
0.03229808997519014
0.3039758143962785
0.11746485933419973
0.7678223581853768
0.10083374510914113
0.9038798560363408
0.9178542997159155
0.09805147428143732
0.11899004074278152
-0.4370449057827423
0.350948799357084
0.6290778192503025
0.8091305468284018
-0.07162760817401675
-0.4547486241299257
0.6784324378472786
-0.8149921882298194
0.7540854577234095
0.2984565053304968
0.9629210268668058
-0.10727812595958441
0.3290880938318884
0.12068429476887244
0.010474530602928016
-0.7613846620944134
-0.3552106358753911
-0.46557125620603224
0.4910909993404383
-0.19883192290530366
0.5765811585472262
0.7824256743580212
0.019487230108231612
0.08601153061240248
0.5907637689388089
-0.44492925339540657
-0.39063949447232377
0.7378593266907778
-0.5118930649097636
0.16207073663741592
0.10212060087139611
0.8149773761532441
-0.4317667474648438
-0.4773556348686738
0.26112276457946454
0.8167525310570404
-0.04433576274540396
0.31495929297205477
0.7444343649575195
-0.06422253872888772
-0.11229089701511946
-0.4016998595825124
-0.7422997290718353
0.13941124424907586
-0.5492813137036512
