0.40474925770328474
0.19528178205168012
0.12263704566769168
0.2494559246217401
0.15771847355668983
-0.5636298594564451
0.037747973611229835
-0.01209070144322967
0.4652211143025158
-0.29071541277197505
0.08796753095463669
0.04668244491813356
-0.788570353630007
-0.5369771987120513
0.3064528078561319
-0.48670016218082146
-0.3294424553947382
-0.34104372208275424
-0.22030113232516213
-0.19366198998950354
-0.31686621780861424
-0.08866738373508803
0.11701212016984898
0.5520818757607395
-0.2270787470168573
-0.4603038927442312
0.04567704477267041
0.19650639345988646
0.5030193940585974
-0.445898924332171
-0.5410104505125052
0.42902838895912526
-0.22929126188758944
0.32151116180926975
0.7467135402829168
0.17504519451789913
0.29829513302326044
-0.37296336955898307
0.14415048784849782
0.45504959399730593
-0.06090860016483304
0.583806501839928
-0.015655641421336262
0.5314648796120645
0.5620764695851854
0.4576584212356361
0.2579747827227986
-0.3640460395256977
0.6302215866003686
0.36989693264264795
-0.17992849977685377
-0.470668638146146
-0.6543519335239696
0.5858101977672142
-0.19351399888219317
-0.08826104287986533
0.06728587670048745
0.2628354555601319
0.17138488470810187
0.22664568370752997
0.1692711300073793
-0.23079628272199287
-0.1443348352495615
-0.2179864557510608
0.040817531517171296
0.27356126622280796
0.3350802619839118
0.2477269698333294
-0.033664570409750724
-0.7953625013215784
0.19656195385629432
0.320755268046385
-0.14670211869147187
-0.27277244781949206
-0.7238377724544072
0.4162968525112354
-0.30877742068966846
0.045915206453707155
-0.35164433854678995
0.2761603402728202
0.29100226864995155
0.3286694830675355
-0.13901830126200337
-0.3384917556117748
0.4080611157911783
0.02759861973932859
0.4689255869250408
-0.6510040949721017
-0.6042541869654018
0.2587376627012804
0.17091142556939037
-0.3127954220506288
0.15976803226645747
-0.3800672528276086
-0.3706394964663206
0.07758695767134861
0.037331881831046916
0.27467651881062005
0.5703385580480929
0.8431549401812695
-0.5331617800672585
0.11577067388664916
0.057192707938232674
-0.1138406625276849
-0.27875152812732784
0.4162827147880416
0.28047760157114054
0.5849992448448389
0.4706277263047628
-0.7605956876362543
-0.259365592733713
-0.39721949116537725
-0.0421471376689147
-0.17555263151892572
0.06339214728988841
0.5297590922152845
0.25258816884078017
-0.49535172346857714
0.10201209366455961
0.11717588260044447
-0.32951770104738676
-0.08329322030452202
0.5850300390699713
0.21569373068149233
0.03959778493167857
0.17953107307927255
0.28609794204760236
0.05492467630810029
0.23078345210740042
-0.333514130037476
-0.6210893697780463
0.0013628395899214357
-0.42603607656873654
0.4463694844912259
-0.40202297300876066
0.5524550608871153
-0.7536941303868583
0.4469237099696485
-0.35502569266180684
0.331293134660791
-0.8245803692535552
0.1538148200684409
-0.09924429870041342
-0.03199641121732447
0.11794653728887819
-0.2566425946065948
0.22434973236381966
-0.2612003344259253
-0.048371002377146685
0.26152401992757573
-0.3159971934605399
0.007140238362580972
0.13220076652732074
0.14861320248543047
0.22005482129277096
-0.3002770683261608
-0.6471972613688601
0.48095622936055105
0.3961074954024242
0.33199756867830515
-0.4721673766033615
-0.5838847271256498
-0.061674803514243495
-0.025706454505250984
-0.2256487826773057
-0.627775612286342
0.09782993633147824
-0.05115116459010216
-0.6032431687562299
-0.34946074823265716
0.4370542546268156
-0.09271284562841522
0.3184969597147983
0.2864363079182874
-0.048820519088253383
0.5451928080802293
-0.34236925874456187
1.0
-0.4545428510365703
-0.3358172587876038
0.6405314806891887
0.35431288464781785
0.22759841003508793
0.5527858993886182
-0.35004714143778337
-0.5151564408386311
0.703223841366675
0.1391458809673647
-0.03675249465761954
-0.25254142767563603
-0.0986843545298255
0.0017495421593379384
-0.3879740859539936
-0.3869476047000682
-0.7855536171729746
0.3708835473207194
0.019306496508881492
-0.12891870984766296
0.13210361981919558
0.23498295217897106
0.13193566156298206
0.2707955242470765
-0.24273059159138505
0.23141245341149164
-0.22762960016065337
0.29572831413368916
-0.09512092055304047
0.16837124740709913
-0.06622415621161115
-0.46238060456155927
-0.3404074993454281
0.22150233749012438
0.33749723228404516
0.26694579115160727
0.1955076416956833
0.7916269743045781
0.760388553581371
-0.08040902092399924
-0.6462419398838717
0.25910294277849616
-0.3301787738327559
0.2342929208506376
-0.304533358043474
-0.04933284966643356
-0.023946113226629116
0.4160713115366448
-0.07368144951951874
0.7065628615938966
0.11343578709687094
-0.14588216894049377
-0.16340420772120376
0.4277833786794231
-0.5351260324362961
0.7177590822498595
0.4472481491005491
0.19671230993825448
0.029200443367793212
-0.29560128140202835
0.19817700957035086
-0.24107581643607148
-0.580369828534008
-0.8625210596719669
0.3016324593730362
0.03716568996786773
0.20830038943754076
0.6825573650844078
-0.1261115343833721
0.18725410927420078
0.27067425565260783
0.3157651716154845
0.13295609605508812
0.5514718167215615
-0.3247023343544235
0.3188334685667609
0.08285987153426455
0.0972377456230255
-0.20430180651438457
0.7292496021908517
0.286198769141409
0.356308019997971
-0.17590347649224947
0.08538178563979022
0.400077355191617
-0.13135041666297326
-0.11209399799436198
